0.676 -0.276 -1.843
0.676 -0.276 -1.841
0.676 -0.276 -1.843
0.676 -0.276 -1.844
0.675 -0.275 -1.841
0.676 -0.276 -1.843
0.676 -0.276 -1.844
0.680 -0.275 -1.839
0.676 -0.276 -1.841
0.675 -0.275 -1.842
0.678 -0.290 -2.112
0.677 -0.289 -2.110
0.678 -0.290 -2.112
0.678 -0.290 -2.110
0.677 -0.290 -2.113
0.678 -0.291 -2.113
0.677 -0.290 -2.110
0.677 -0.290 -2.110
0.677 -0.291 -2.111
0.677 -0.290 -2.109
0.676 -0.290 -2.109
0.676 -0.290 -2.107
0.676 -0.290 -2.106
0.676 -0.290 -2.107
0.676 -0.291 -2.107
0.676 -0.291 -2.107
0.677 -0.292 -2.109
0.677 -0.293 -2.112
0.677 -0.292 -2.113
0.677 -0.292 -2.112
0.677 -0.293 -2.113
0.677 -0.292 -2.112
0.677 -0.291 -2.115
0.677 -0.291 -2.111
0.677 -0.291 -2.115
0.677 -0.291 -2.111
0.676 -0.290 -2.111
0.677 -0.290 -2.112
0.677 -0.289 -2.112
0.675 -0.289 -2.109
0.676 -0.289 -2.108
0.676 -0.289 -2.108
0.675 -0.289 -2.109
0.675 -0.290 -2.105
0.676 -0.290 -2.107
0.676 -0.289 -2.112
0.676 -0.290 -2.107
0.676 -0.289 -2.106
0.676 -0.289 -2.106
0.677 -0.290 -2.109
0.677 -0.290 -2.112
0.678 -0.290 -2.111
0.678 -0.289 -2.112
0.678 -0.289 -2.116
0.677 -0.289 -2.114
0.677 -0.290 -2.113
0.677 -0.290 -2.110
0.676 -0.290 -2.113
0.677 -0.291 -2.111
0.677 -0.291 -2.111
0.678 -0.292 -2.112
0.677 -0.291 -2.109
0.677 -0.290 -2.109
0.677 -0.292 -2.110
0.677 -0.292 -2.113
0.677 -0.291 -2.112
0.677 -0.292 -2.114
0.677 -0.291 -2.111
0.677 -0.291 -2.109
0.676 -0.291 -2.108
0.677 -0.291 -2.109
0.677 -0.291 -2.109
0.677 -0.291 -2.107
0.676 -0.290 -2.107
0.677 -0.290 -2.112
0.676 -0.290 -2.110
0.676 -0.291 -2.108
0.677 -0.292 -2.111
0.677 -0.291 -2.109
0.677 -0.291 -2.109
0.676 -0.290 -2.105
0.677 -0.290 -2.109
0.676 -0.291 -2.110
0.676 -0.290 -2.107
0.677 -0.291 -2.111
0.676 -0.290 -2.109
0.677 -0.291 -2.109
0.677 -0.289 -2.109
0.676 -0.289 -2.108
0.677 -0.289 -2.111
0.677 -0.289 -2.106
0.677 -0.290 -2.109
0.677 -0.290 -2.110
0.677 -0.290 -2.110
0.677 -0.290 -2.113
0.678 -0.292 -2.112
0.678 -0.292 -2.112
0.677 -0.291 -2.113
0.678 -0.291 -2.113
0.677 -0.291 -2.111
0.677 -0.291 -2.112
0.677 -0.291 -2.111
0.677 -0.291 -2.109
0.674 -0.291 -2.101
0.674 -0.290 -2.099
0.672 -0.290 -2.098
0.672 -0.289 -2.096
0.670 -0.290 -2.091
0.669 -0.290 -2.088
0.668 -0.290 -2.085
0.667 -0.289 -2.080
0.664 -0.289 -2.077
0.663 -0.290 -2.076
0.661 -0.289 -2.069
0.660 -0.288 -2.065
0.659 -0.288 -2.067
0.658 -0.288 -2.061
0.656 -0.288 -2.060
0.656 -0.288 -2.057
0.655 -0.288 -2.058
0.655 -0.287 -2.057
0.654 -0.287 -2.057
0.653 -0.286 -2.055
0.652 -0.285 -2.056
0.653 -0.286 -2.059
0.651 -0.285 -2.055
0.649 -0.285 -2.050
0.649 -0.285 -2.051
0.648 -0.285 -2.052
0.646 -0.285 -2.049
0.645 -0.286 -2.046
0.644 -0.285 -2.043
0.643 -0.285 -2.045
0.641 -0.286 -2.043
0.639 -0.284 -2.038
0.637 -0.284 -2.036
0.635 -0.284 -2.029
0.633 -0.284 -2.022
0.631 -0.284 -2.024
0.629 -0.283 -2.019
0.628 -0.284 -2.017
0.627 -0.284 -2.017
0.625 -0.283 -2.015
0.624 -0.283 -2.012
0.623 -0.283 -2.012
0.622 -0.283 -2.013
0.621 -0.283 -2.012
0.621 -0.284 -2.014
0.620 -0.283 -2.010
0.619 -0.284 -2.009
0.618 -0.283 -2.007
0.618 -0.282 -2.005
0.617 -0.282 -2.003
0.617 -0.283 -2.004
0.618 -0.282 -2.005
0.618 -0.282 -2.005
0.618 -0.282 -2.004
0.619 -0.282 -2.000
0.620 -0.282 -2.000
0.620 -0.281 -1.999
0.621 -0.283 -1.998
0.622 -0.282 -1.997
0.622 -0.281 -1.994
0.624 -0.282 -1.996
0.625 -0.282 -1.997
0.625 -0.282 -1.995
0.627 -0.282 -1.996
0.628 -0.282 -1.992
0.629 -0.282 -1.992
0.631 -0.282 -1.993
0.633 -0.283 -1.994
0.634 -0.282 -1.993
0.637 -0.282 -1.994
0.637 -0.283 -1.994
0.639 -0.283 -1.993
0.640 -0.283 -1.993
0.640 -0.283 -1.991
0.642 -0.283 -1.994
0.643 -0.282 -1.988
0.644 -0.283 -1.991
0.645 -0.283 -1.988
0.645 -0.283 -1.988
0.647 -0.283 -1.988
0.648 -0.284 -1.985
0.649 -0.284 -1.984
0.649 -0.284 -1.984
0.652 -0.284 -1.987
0.653 -0.283 -1.986
0.653 -0.284 -1.984
0.654 -0.284 -1.982
0.657 -0.285 -1.984
0.657 -0.285 -1.986
0.658 -0.286 -1.982
0.659 -0.286 -1.981
0.660 -0.286 -1.978
0.661 -0.286 -1.979
0.663 -0.286 -1.982
0.665 -0.285 -1.979
0.667 -0.285 -1.982
0.668 -0.285 -1.984
0.670 -0.285 -1.985
0.670 -0.284 -1.979
0.671 -0.285 -1.979
0.672 -0.284 -1.980
0.674 -0.284 -1.981
0.674 -0.283 -1.977
0.675 -0.283 -1.979
0.676 -0.283 -1.977
0.678 -0.283 -1.974
0.678 -0.283 -1.974
0.679 -0.283 -1.973
0.681 -0.283 -1.970
0.682 -0.284 -1.970
0.683 -0.282 -1.970
0.685 -0.283 -1.972
0.686 -0.283 -1.971
0.687 -0.284 -1.967
0.689 -0.284 -1.970
0.690 -0.285 -1.971
0.692 -0.286 -1.970
0.691 -0.285 -1.969
0.692 -0.286 -1.967
0.694 -0.285 -1.966
0.694 -0.285 -1.966
0.694 -0.285 -1.963
0.695 -0.286 -1.965
0.696 -0.286 -1.963
0.697 -0.286 -1.962
0.698 -0.286 -1.964
0.698 -0.286 -1.959
0.698 -0.287 -1.961
0.700 -0.285 -1.960
0.701 -0.286 -1.961
0.702 -0.286 -1.962
0.703 -0.286 -1.962
0.704 -0.285 -1.961
0.705 -0.285 -1.962
0.706 -0.286 -1.962
0.705 -0.285 -1.957
0.707 -0.286 -1.960
0.708 -0.285 -1.957
0.709 -0.285 -1.957
0.710 -0.285 -1.956
0.711 -0.285 -1.957
0.712 -0.285 -1.953
0.713 -0.286 -1.953
0.715 -0.287 -1.955
0.716 -0.286 -1.955
0.717 -0.286 -1.955
0.718 -0.286 -1.952
0.719 -0.286 -1.950
0.720 -0.286 -1.953
0.721 -0.287 -1.952
0.723 -0.286 -1.950
0.723 -0.287 -1.948
0.725 -0.286 -1.949
0.726 -0.286 -1.952
0.728 -0.287 -1.950
0.729 -0.287 -1.950
0.730 -0.287 -1.951
0.731 -0.288 -1.950
0.733 -0.288 -1.951
0.734 -0.288 -1.948
0.735 -0.288 -1.948
0.736 -0.288 -1.948
0.738 -0.288 -1.951
0.739 -0.288 -1.952
0.739 -0.287 -1.950
0.739 -0.287 -1.947
0.741 -0.287 -1.947
0.741 -0.287 -1.948
0.741 -0.287 -1.946
0.742 -0.287 -1.946
0.741 -0.285 -1.940
0.742 -0.286 -1.942
0.742 -0.286 -1.937
0.744 -0.285 -1.942
0.745 -0.285 -1.942
0.744 -0.285 -1.939
0.745 -0.285 -1.942
0.746 -0.287 -1.940
0.748 -0.286 -1.939
0.747 -0.286 -1.937
0.748 -0.286 -1.935
0.749 -0.286 -1.934
0.750 -0.287 -1.936
0.751 -0.286 -1.937
0.753 -0.286 -1.936
0.754 -0.287 -1.938
0.754 -0.286 -1.935
0.756 -0.287 -1.938
0.755 -0.286 -1.935
0.756 -0.287 -1.937
0.756 -0.287 -1.935
0.756 -0.288 -1.934
0.758 -0.289 -1.936
0.759 -0.288 -1.936
0.760 -0.288 -1.934
0.760 -0.287 -1.932
0.760 -0.287 -1.930
0.760 -0.286 -1.931
0.760 -0.285 -1.928
0.760 -0.285 -1.929
0.761 -0.286 -1.931
0.762 -0.285 -1.933
0.761 -0.286 -1.931
0.761 -0.286 -1.930
0.762 -0.287 -1.931
0.764 -0.287 -1.937
0.765 -0.289 -1.937
0.768 -0.289 -1.939
0.772 -0.290 -1.942
0.774 -0.290 -1.947
0.777 -0.290 -1.949
0.779 -0.289 -1.950
0.782 -0.290 -1.953
0.785 -0.290 -1.955
0.788 -0.290 -1.959
0.789 -0.290 -1.961
0.793 -0.290 -1.964
0.794 -0.290 -1.967
0.796 -0.289 -1.969
0.797 -0.289 -1.970
0.800 -0.290 -1.972
0.801 -0.290 -1.975
0.802 -0.290 -1.976
0.804 -0.290 -1.980
0.805 -0.290 -1.980
0.806 -0.290 -1.983
0.807 -0.289 -1.979
0.808 -0.289 -1.978
0.808 -0.289 -1.978
0.809 -0.288 -1.977
0.811 -0.288 -1.976
0.813 -0.290 -1.981
0.815 -0.289 -1.983
0.818 -0.290 -1.988
0.820 -0.291 -1.993
0.822 -0.291 -1.993
0.824 -0.290 -1.998
0.825 -0.291 -1.999
0.827 -0.291 -2.002
0.830 -0.291 -2.007
0.831 -0.292 -2.011
0.834 -0.293 -2.015
0.837 -0.292 -2.018
0.839 -0.293 -2.024
0.841 -0.293 -2.024
0.842 -0.293 -2.026
0.843 -0.293 -2.025
0.845 -0.294 -2.028
0.846 -0.293 -2.027
0.846 -0.292 -2.027
0.847 -0.293 -2.028
0.849 -0.294 -2.029
0.850 -0.297 -2.024
0.853 -0.294 -2.036
0.853 -0.295 -2.036
0.855 -0.295 -2.037
0.856 -0.295 -2.038
0.857 -0.296 -2.038
0.859 -0.296 -2.041
0.859 -0.296 -2.040
0.861 -0.295 -2.042
0.861 -0.295 -2.043
0.862 -0.295 -2.044
0.863 -0.297 -2.045
0.864 -0.296 -2.047
0.865 -0.298 -2.050
0.865 -0.297 -2.051
0.867 -0.296 -2.050
0.868 -0.298 -2.052
0.869 -0.297 -2.053
0.867 -0.297 -2.049
0.869 -0.296 -2.052
0.870 -0.296 -2.052
0.871 -0.295 -2.053
0.873 -0.296 -2.054
0.874 -0.297 -2.055
0.874 -0.295 -2.053
0.875 -0.296 -2.056
0.875 -0.295 -2.057
0.877 -0.295 -2.057
0.877 -0.296 -2.057
0.879 -0.296 -2.060
0.880 -0.296 -2.060
0.885 -0.297 -2.070
0.887 -0.298 -2.077
0.888 -0.298 -2.078
0.890 -0.299 -2.081
0.891 -0.301 -2.085
0.893 -0.301 -2.086
0.894 -0.300 -2.087
0.894 -0.300 -2.087
0.896 -0.300 -2.089
0.897 -0.301 -2.090
0.899 -0.301 -2.093
0.901 -0.301 -2.097
0.902 -0.301 -2.096
0.904 -0.301 -2.097
0.905 -0.300 -2.098
0.906 -0.300 -2.098
0.908 -0.299 -2.099
0.907 -0.298 -2.096
0.909 -0.298 -2.098
0.909 -0.298 -2.098
0.910 -0.298 -2.098
0.911 -0.298 -2.094
0.912 -0.299 -2.096
0.913 -0.298 -2.098
0.913 -0.298 -2.097
0.912 -0.298 -2.095
0.913 -0.298 -2.093
0.914 -0.299 -2.096
0.915 -0.299 -2.099
0.917 -0.300 -2.101
0.919 -0.299 -2.102
0.921 -0.300 -2.104
0.924 -0.301 -2.108
0.925 -0.300 -2.110
0.927 -0.300 -2.112
0.928 -0.300 -2.113
0.931 -0.300 -2.116
0.932 -0.300 -2.119
0.934 -0.299 -2.119
0.935 -0.300 -2.120
0.937 -0.301 -2.123
0.938 -0.300 -2.124
0.940 -0.300 -2.124
0.941 -0.301 -2.129
0.942 -0.301 -2.130
0.944 -0.301 -2.131
0.944 -0.301 -2.131
0.946 -0.300 -2.132
0.947 -0.301 -2.136
0.949 -0.301 -2.137
0.950 -0.301 -2.142
0.952 -0.301 -2.140
0.952 -0.301 -2.141
0.953 -0.302 -2.142
0.954 -0.302 -2.142
0.954 -0.302 -2.146
0.956 -0.302 -2.146
0.957 -0.302 -2.146
0.958 -0.302 -2.145
0.958 -0.302 -2.149
0.958 -0.302 -2.149
0.960 -0.300 -2.149
0.960 -0.301 -2.151
0.961 -0.302 -2.151
0.962 -0.301 -2.152
0.963 -0.302 -2.153
0.963 -0.302 -2.154
0.965 -0.302 -2.155
0.964 -0.301 -2.154
0.964 -0.301 -2.153
0.966 -0.301 -2.155
0.967 -0.301 -2.154
0.967 -0.301 -2.156
0.968 -0.300 -2.157
0.968 -0.301 -2.156
0.969 -0.302 -2.159
0.969 -0.302 -2.158
0.970 -0.302 -2.159
0.970 -0.301 -2.159
0.971 -0.302 -2.162
0.973 -0.301 -2.162
0.973 -0.301 -2.162
0.974 -0.301 -2.163
0.974 -0.301 -2.164
0.975 -0.302 -2.163
0.974 -0.302 -2.163
0.974 -0.302 -2.164
0.975 -0.303 -2.163
0.976 -0.303 -2.165
0.976 -0.303 -2.162
0.977 -0.303 -2.167
0.977 -0.302 -2.166
0.978 -0.303 -2.169
0.978 -0.303 -2.169
0.980 -0.303 -2.171
0.981 -0.303 -2.173
0.982 -0.303 -2.176
0.982 -0.302 -2.177
0.985 -0.303 -2.177
0.985 -0.303 -2.180
0.987 -0.304 -2.181
0.988 -0.303 -2.182
0.988 -0.303 -2.183
0.988 -0.303 -2.185
0.989 -0.303 -2.183
0.990 -0.303 -2.187
0.990 -0.303 -2.190
0.992 -0.304 -2.191
0.992 -0.304 -2.192
0.992 -0.303 -2.190
0.992 -0.303 -2.191
0.993 -0.303 -2.192
0.993 -0.304 -2.193
0.993 -0.304 -2.196
0.993 -0.304 -2.194
0.993 -0.304 -2.194
0.995 -0.305 -2.196
0.996 -0.304 -2.198
0.997 -0.304 -2.199
0.997 -0.305 -2.201
0.997 -0.304 -2.204
0.998 -0.304 -2.204
0.998 -0.304 -2.204
0.999 -0.304 -2.206
0.999 -0.304 -2.206
0.999 -0.304 -2.207
0.998 -0.304 -2.204
0.999 -0.303 -2.206
1.000 -0.303 -2.208
1.002 -0.304 -2.210
1.002 -0.305 -2.212
1.003 -0.304 -2.214
1.005 -0.304 -2.216
1.006 -0.305 -2.216
1.006 -0.305 -2.219
1.007 -0.305 -2.220
1.007 -0.304 -2.217
1.008 -0.305 -2.222
1.008 -0.305 -2.222
1.009 -0.305 -2.223
1.009 -0.305 -2.225
1.011 -0.305 -2.225
1.013 -0.304 -2.225
1.014 -0.305 -2.228
1.016 -0.306 -2.230
1.016 -0.305 -2.229
1.016 -0.306 -2.229
1.016 -0.306 -2.229
1.015 -0.305 -2.230
1.015 -0.305 -2.227
1.016 -0.305 -2.229
1.017 -0.306 -2.231
1.017 -0.306 -2.233
1.017 -0.306 -2.234
1.018 -0.305 -2.236
1.018 -0.305 -2.237
1.017 -0.306 -2.238
1.017 -0.305 -2.238
1.016 -0.304 -2.236
1.017 -0.305 -2.239
1.015 -0.305 -2.239
1.014 -0.305 -2.242
1.013 -0.304 -2.240
1.014 -0.305 -2.242
1.013 -0.306 -2.244
1.012 -0.305 -2.244
1.011 -0.306 -2.249
1.010 -0.306 -2.250
1.010 -0.307 -2.253
1.009 -0.306 -2.253
1.007 -0.306 -2.253
1.006 -0.306 -2.255
1.004 -0.305 -2.257
1.003 -0.306 -2.260
1.002 -0.306 -2.261
0.999 -0.307 -2.265
0.997 -0.307 -2.265
0.995 -0.307 -2.268
0.995 -0.307 -2.270
0.994 -0.307 -2.273
0.993 -0.307 -2.277
0.992 -0.307 -2.277
0.991 -0.307 -2.277
0.989 -0.307 -2.281
0.989 -0.307 -2.282
0.988 -0.307 -2.280
0.987 -0.307 -2.283
0.986 -0.307 -2.282
0.985 -0.306 -2.285
0.985 -0.307 -2.286
0.984 -0.307 -2.289
0.983 -0.307 -2.288
0.983 -0.307 -2.292
0.982 -0.308 -2.294
0.982 -0.308 -2.294
0.981 -0.308 -2.296
0.981 -0.309 -2.301
0.980 -0.308 -2.302
0.979 -0.307 -2.302
0.978 -0.305 -2.304
0.977 -0.305 -2.305
0.976 -0.304 -2.306
0.974 -0.303 -2.307
0.973 -0.303 -2.305
0.973 -0.302 -2.309
0.971 -0.301 -2.311
0.972 -0.303 -2.313
0.971 -0.302 -2.315
0.970 -0.303 -2.318
0.970 -0.304 -2.319
0.968 -0.304 -2.322
0.967 -0.304 -2.326
0.967 -0.304 -2.329
0.965 -0.305 -2.330
0.965 -0.306 -2.334
0.964 -0.306 -2.333
0.961 -0.305 -2.333
0.962 -0.306 -2.335
0.961 -0.305 -2.336
0.960 -0.306 -2.339
0.960 -0.306 -2.341
0.959 -0.306 -2.337
0.958 -0.307 -2.338
0.958 -0.307 -2.340
0.957 -0.307 -2.341
0.955 -0.308 -2.344
0.955 -0.309 -2.349
0.955 -0.309 -2.350
0.953 -0.310 -2.352
0.952 -0.310 -2.353
0.952 -0.310 -2.356
0.950 -0.309 -2.357
0.949 -0.309 -2.357
0.949 -0.310 -2.360
0.948 -0.308 -2.360
0.947 -0.308 -2.362
0.946 -0.309 -2.365
0.945 -0.309 -2.367
0.943 -0.309 -2.367
0.942 -0.309 -2.369
0.941 -0.310 -2.369
0.941 -0.310 -2.373
0.939 -0.310 -2.375
0.938 -0.310 -2.376
0.938 -0.309 -2.375
0.937 -0.309 -2.380
0.937 -0.310 -2.382
0.935 -0.309 -2.384
0.935 -0.310 -2.384
0.934 -0.309 -2.386
0.933 -0.310 -2.388
0.931 -0.309 -2.387
0.930 -0.309 -2.385
0.929 -0.310 -2.384
0.929 -0.310 -2.384
0.929 -0.310 -2.385
0.929 -0.310 -2.384
0.928 -0.310 -2.386
0.929 -0.310 -2.391
0.928 -0.310 -2.387
0.928 -0.311 -2.390
0.927 -0.311 -2.390
0.927 -0.311 -2.392
0.927 -0.310 -2.391
0.926 -0.310 -2.392
0.926 -0.310 -2.391
0.926 -0.310 -2.394
0.925 -0.309 -2.396
0.924 -0.311 -2.394
0.923 -0.310 -2.395
0.922 -0.311 -2.397
0.923 -0.310 -2.399
0.922 -0.310 -2.401
0.919 -0.310 -2.404
0.920 -0.310 -2.403
0.918 -0.310 -2.404
0.916 -0.311 -2.405
0.916 -0.310 -2.405
0.916 -0.310 -2.407
0.915 -0.310 -2.407
0.914 -0.311 -2.406
0.913 -0.311 -2.408
0.912 -0.312 -2.411
0.911 -0.311 -2.413
0.912 -0.312 -2.413
0.910 -0.312 -2.412
0.910 -0.311 -2.414
0.908 -0.311 -2.416
0.909 -0.310 -2.416
0.907 -0.311 -2.418
0.907 -0.310 -2.418
0.906 -0.309 -2.418
0.905 -0.310 -2.425
0.905 -0.310 -2.422
0.904 -0.309 -2.422
0.903 -0.310 -2.426
0.903 -0.309 -2.427
0.902 -0.308 -2.428
0.902 -0.309 -2.429
0.900 -0.309 -2.431
0.900 -0.310 -2.428
0.899 -0.309 -2.429
0.899 -0.310 -2.431
0.898 -0.309 -2.435
0.897 -0.311 -2.437
0.898 -0.310 -2.436
0.897 -0.311 -2.438
0.897 -0.312 -2.438
0.895 -0.312 -2.438
0.895 -0.311 -2.434
0.893 -0.312 -2.436
0.893 -0.311 -2.437
0.893 -0.311 -2.438
0.893 -0.311 -2.442
0.891 -0.311 -2.440
0.891 -0.310 -2.442
0.890 -0.311 -2.442
0.890 -0.310 -2.447
0.889 -0.311 -2.445
0.889 -0.311 -2.450
0.886 -0.312 -2.449
0.886 -0.311 -2.450
0.886 -0.311 -2.454
0.884 -0.310 -2.455
0.884 -0.311 -2.455
0.882 -0.311 -2.455
0.881 -0.312 -2.456
0.881 -0.310 -2.457
0.880 -0.312 -2.463
0.880 -0.311 -2.460
0.879 -0.311 -2.462
0.878 -0.311 -2.462
0.877 -0.312 -2.463
0.877 -0.311 -2.464
0.875 -0.311 -2.465
0.874 -0.310 -2.463
0.872 -0.309 -2.463
0.872 -0.310 -2.465
0.871 -0.310 -2.463
0.870 -0.310 -2.465
0.870 -0.310 -2.465
0.869 -0.311 -2.467
0.868 -0.311 -2.467
0.867 -0.311 -2.467
0.867 -0.310 -2.471
0.866 -0.311 -2.470
0.866 -0.310 -2.474
0.864 -0.311 -2.473
0.863 -0.311 -2.472
0.862 -0.310 -2.472
0.861 -0.310 -2.471
0.858 -0.311 -2.472
0.858 -0.310 -2.470
0.857 -0.311 -2.473
0.856 -0.311 -2.477
0.856 -0.311 -2.481
0.854 -0.311 -2.481
0.855 -0.312 -2.482
0.853 -0.311 -2.484
0.853 -0.311 -2.485
0.852 -0.312 -2.488
0.851 -0.310 -2.486
0.850 -0.311 -2.489
0.849 -0.312 -2.488
0.849 -0.312 -2.488
0.848 -0.311 -2.488
0.847 -0.312 -2.490
0.846 -0.311 -2.490
0.846 -0.312 -2.491
0.845 -0.311 -2.492
0.844 -0.311 -2.489
0.843 -0.311 -2.493
0.841 -0.311 -2.494
0.842 -0.312 -2.495
0.840 -0.311 -2.494
0.839 -0.312 -2.497
0.839 -0.312 -2.497
0.838 -0.312 -2.499
0.837 -0.312 -2.501
0.836 -0.311 -2.499
0.836 -0.311 -2.502
0.835 -0.311 -2.501
0.834 -0.312 -2.500
0.833 -0.312 -2.501
0.832 -0.311 -2.504
0.830 -0.311 -2.502
0.829 -0.311 -2.505
0.827 -0.311 -2.506
0.826 -0.311 -2.509
0.825 -0.312 -2.510
0.825 -0.313 -2.515
0.822 -0.312 -2.516
0.822 -0.313 -2.519
0.820 -0.311 -2.517
0.820 -0.312 -2.520
0.820 -0.312 -2.517
0.819 -0.312 -2.522
0.818 -0.312 -2.523
0.817 -0.311 -2.522
0.817 -0.312 -2.520
0.816 -0.312 -2.519
0.815 -0.312 -2.522
0.815 -0.312 -2.521
0.814 -0.313 -2.526
0.814 -0.312 -2.524
0.814 -0.313 -2.527
0.813 -0.313 -2.530
0.812 -0.313 -2.530
0.811 -0.313 -2.529
0.810 -0.312 -2.531
0.808 -0.312 -2.532
0.808 -0.313 -2.533
0.807 -0.313 -2.531
0.806 -0.313 -2.533
0.805 -0.312 -2.533
0.804 -0.312 -2.534
0.803 -0.312 -2.538
0.802 -0.312 -2.537
0.801 -0.312 -2.538
0.799 -0.312 -2.537
0.799 -0.312 -2.539
0.797 -0.311 -2.541
0.796 -0.312 -2.539
0.794 -0.312 -2.541
0.793 -0.313 -2.540
0.791 -0.313 -2.543
0.791 -0.313 -2.546
0.789 -0.312 -2.547
0.789 -0.313 -2.549
0.787 -0.313 -2.549
0.786 -0.313 -2.550
0.785 -0.312 -2.550
0.783 -0.313 -2.551
0.781 -0.312 -2.549
0.781 -0.312 -2.551
0.779 -0.312 -2.549
0.778 -0.313 -2.551
0.777 -0.313 -2.554
0.776 -0.312 -2.555
0.775 -0.313 -2.557
0.774 -0.313 -2.553
0.772 -0.313 -2.554
0.771 -0.314 -2.555
0.770 -0.313 -2.554
0.769 -0.314 -2.558
0.769 -0.313 -2.556
0.767 -0.314 -2.556
0.767 -0.314 -2.558
0.766 -0.314 -2.558
0.765 -0.314 -2.562
0.763 -0.314 -2.562
0.763 -0.314 -2.561
0.761 -0.313 -2.559
0.760 -0.313 -2.560
0.760 -0.313 -2.564
0.758 -0.312 -2.561
0.757 -0.313 -2.563
0.755 -0.313 -2.561
0.755 -0.313 -2.561
0.754 -0.313 -2.563
0.754 -0.313 -2.566
0.752 -0.313 -2.565
0.752 -0.313 -2.566
0.751 -0.313 -2.567
0.750 -0.313 -2.566
0.749 -0.314 -2.569
0.749 -0.313 -2.569
0.748 -0.314 -2.570
0.748 -0.314 -2.574
0.746 -0.314 -2.574
0.745 -0.314 -2.571
0.744 -0.314 -2.572
0.743 -0.315 -2.574
0.742 -0.314 -2.575
0.742 -0.315 -2.573
0.739 -0.314 -2.574
0.739 -0.314 -2.577
0.738 -0.315 -2.577
0.736 -0.315 -2.578
0.736 -0.315 -2.577
0.734 -0.317 -2.581
0.734 -0.317 -2.578
0.732 -0.318 -2.581
0.732 -0.318 -2.580
0.730 -0.318 -2.582
0.730 -0.318 -2.581
0.730 -0.317 -2.582
0.728 -0.317 -2.586
0.729 -0.317 -2.583
0.729 -0.316 -2.583
0.728 -0.316 -2.581
0.728 -0.317 -2.581
0.728 -0.316 -2.582
0.728 -0.316 -2.582
0.728 -0.316 -2.584
0.728 -0.316 -2.584
0.727 -0.316 -2.586
0.727 -0.316 -2.586
0.726 -0.316 -2.584
0.725 -0.315 -2.581
0.723 -0.316 -2.579
0.722 -0.314 -2.574
0.719 -0.314 -2.574
0.717 -0.314 -2.569
0.716 -0.314 -2.567
0.712 -0.313 -2.564
0.709 -0.312 -2.560
0.708 -0.313 -2.558
0.706 -0.312 -2.553
0.704 -0.313 -2.552
0.702 -0.313 -2.548
0.699 -0.312 -2.543
0.697 -0.311 -2.535
0.693 -0.310 -2.530
0.690 -0.310 -2.525
0.688 -0.310 -2.522
0.686 -0.309 -2.520
0.686 -0.309 -2.521
0.684 -0.309 -2.518
0.683 -0.309 -2.518
0.682 -0.309 -2.515
0.681 -0.309 -2.517
0.679 -0.308 -2.517
0.678 -0.309 -2.512
0.677 -0.309 -2.512
0.673 -0.309 -2.511
0.671 -0.309 -2.508
0.668 -0.309 -2.502
0.666 -0.309 -2.502
0.664 -0.309 -2.496
0.661 -0.309 -2.498
0.660 -0.309 -2.493
0.657 -0.309 -2.494
0.654 -0.308 -2.489
0.653 -0.308 -2.489
0.651 -0.308 -2.485
0.649 -0.307 -2.487
0.647 -0.307 -2.483
0.647 -0.308 -2.487
0.645 -0.307 -2.484
0.643 -0.308 -2.479
0.642 -0.309 -2.481
0.641 -0.307 -2.478
0.639 -0.308 -2.475
0.638 -0.308 -2.471
0.636 -0.308 -2.466
0.634 -0.308 -2.465
0.633 -0.308 -2.465
0.631 -0.308 -2.461
0.629 -0.308 -2.459
0.626 -0.306 -2.452
0.624 -0.306 -2.447
0.621 -0.306 -2.441
0.619 -0.306 -2.439
0.617 -0.307 -2.437
0.615 -0.306 -2.431
0.613 -0.305 -2.428
0.611 -0.306 -2.425
0.609 -0.305 -2.426
0.607 -0.304 -2.419
0.605 -0.304 -2.414
0.604 -0.303 -2.413
0.602 -0.302 -2.410
0.601 -0.303 -2.409
0.598 -0.302 -2.402
0.596 -0.303 -2.397
0.594 -0.303 -2.395
0.592 -0.303 -2.392
0.591 -0.303 -2.387
0.590 -0.302 -2.386
0.587 -0.301 -2.376
0.585 -0.301 -2.377
0.583 -0.300 -2.373
0.582 -0.300 -2.369
0.580 -0.300 -2.365
0.577 -0.300 -2.362
0.575 -0.300 -2.359
0.573 -0.299 -2.358
0.570 -0.299 -2.349
0.568 -0.299 -2.349
0.566 -0.299 -2.344
0.565 -0.300 -2.341
0.563 -0.299 -2.336
0.562 -0.299 -2.333
0.560 -0.299 -2.332
0.559 -0.298 -2.328
0.558 -0.298 -2.323
0.555 -0.297 -2.317
0.554 -0.296 -2.315
0.552 -0.297 -2.311
0.551 -0.297 -2.306
0.548 -0.296 -2.297
0.547 -0.295 -2.298
0.545 -0.295 -2.292
0.543 -0.294 -2.291
0.542 -0.294 -2.286
0.541 -0.295 -2.285
0.539 -0.294 -2.279
0.537 -0.295 -2.276
0.537 -0.295 -2.275
0.535 -0.294 -2.269
0.534 -0.293 -2.270
0.534 -0.295 -2.268
0.533 -0.294 -2.265
0.532 -0.294 -2.264
0.531 -0.294 -2.262
0.530 -0.294 -2.257
0.528 -0.294 -2.250
0.527 -0.293 -2.250
0.525 -0.292 -2.248
0.524 -0.291 -2.239
0.524 -0.291 -2.240
0.522 -0.290 -2.235
0.521 -0.289 -2.233
0.521 -0.289 -2.235
0.521 -0.289 -2.234
0.519 -0.288 -2.228
0.517 -0.288 -2.224
0.515 -0.288 -2.220
0.514 -0.289 -2.220
0.513 -0.289 -2.214
0.512 -0.289 -2.212
0.510 -0.289 -2.213
0.510 -0.289 -2.207
0.509 -0.289 -2.208
0.507 -0.290 -2.206
0.505 -0.289 -2.199
0.504 -0.289 -2.203
0.503 -0.288 -2.195
0.502 -0.289 -2.195
0.500 -0.289 -2.194
0.499 -0.288 -2.190
0.498 -0.288 -2.187
0.496 -0.288 -2.180
0.494 -0.287 -2.174
0.492 -0.287 -2.174
0.490 -0.286 -2.159
0.489 -0.286 -2.162
0.487 -0.285 -2.150
0.485 -0.284 -2.145
0.484 -0.284 -2.141
0.484 -0.285 -2.140
0.482 -0.283 -2.136
0.481 -0.284 -2.133
0.480 -0.283 -2.130
0.479 -0.283 -2.126
0.478 -0.283 -2.130
0.479 -0.282 -2.125
0.478 -0.282 -2.126
0.477 -0.281 -2.118
0.476 -0.281 -2.119
0.475 -0.280 -2.113
0.475 -0.280 -2.112
0.474 -0.279 -2.111
0.473 -0.279 -2.108
0.472 -0.279 -2.106
0.471 -0.279 -2.102
0.470 -0.278 -2.097
0.470 -0.281 -2.080
0.468 -0.279 -2.091
0.466 -0.279 -2.083
0.465 -0.279 -2.082
0.463 -0.278 -2.073
0.463 -0.278 -2.068
0.462 -0.279 -2.070
0.462 -0.279 -2.071
0.317 -1.279 -5.114
